0.0 0.0 0.0
10.0 0.0 0.0
20.0 0.0 0.0
30.0 0.0 0.0
40.0 0.0 0.0
50.0 0.0 0.0
60.0 0.0 0.0
70.0 0.0 0.0
80.0 0.0 0.0
90.0 0.0 0.0
100.0 0.0 0.0
110.0 0.0 0.0
120.0 0.0 0.0
130.0 0.0 0.0
140.0 0.0 0.0
150.0 0.0 0.0
160.0 0.0 0.0
170.0 227.99 0.0
180.0 433.0 0.0
190.0 430.83 0.0
200.0 398.22 0.0
210.0 401.98 0.0
220.0 421.89 0.0
230.0 420.19 0.0
240.0 436.62 0.0
250.0 445.46 0.0
260.0 441.09 0.0
270.0 413.91 0.0
280.0 426.33 0.0
290.0 416.41 0.0
300.0 424.75 0.0
310.0 431.19 0.0
320.0 421.36 0.0
330.0 438.87 0.0
340.0 438.95 0.0
350.0 253.86 78.25
360.0 207.75 150.84
370.0 167.55 182.54
380.0 172.04 176.95
390.0 159.0 216.09
400.0 191.55 160.48
410.0 167.61 159.45
420.0 159.97 193.33
430.0 165.36 188.2
440.0 168.05 178.85
450.0 189.36 194.31
460.0 163.55 191.37
470.0 204.58 152.83
480.0 133.43 223.55
490.0 215.12 173.45
500.0 166.28 190.04
510.0 200.72 194.18
520.0 171.63 217.62
530.0 228.77 193.77
540.0 163.15 148.17
550.0 179.46 154.45
560.0 151.88 205.76
570.0 147.89 202.61
580.0 178.77 194.05
590.0 290.4 74.56
600.0 422.62 0.0
610.0 388.39 0.0
620.0 422.88 0.0
630.0 336.87 0.0
